/*--------------------------------*- C++ -*----------------------------------*\
  =========                 |
  \\      /  F ield         | OpenFOAM: The Open Source CFD Toolbox
   \\    /   O peration     | Website:  https://openfoam.org
    \\  /    A nd           | Version:  9
     \\/     M anipulation  |
\*---------------------------------------------------------------------------*/
FoamFile
{
    format      ascii;
    class       faceSet;
    location    "constant/polyMesh/sets";
    object      layerFaces;
}
// * * * * * * * * * * * * * * * * * * * * * * * * * * * * * * * * * * * * * //


3366
(
172034 
172037 
163847 
172042 
172046 
163858 
172050 
172054 
163864 
163869 
172061 
172065 
172069 
163878 
172073 
163884 
172080 
163889 
172083 
172086 
172089 
163898 
172094 
163903 
172098 
163908 
172102 
163913 
172106 
172113 
163922 
172117 
163927 
172121 
163932 
172125 
163937 
172132 
172135 
163946 
172138 
172141 
163951 
172146 
163956 
172149 
172152 
163961 
172155 
172160 
163970 
172163 
172166 
163975 
172169 
163980 
172174 
163985 
172177 
172180 
172183 
163994 
172188 
172190 
163999 
172192 
172194 
164004 
172197 
172200 
164009 
172203 
172206 
164018 
172211 
164023 
172215 
172219 
164028 
172223 
164033 
172230 
172233 
164042 
172236 
164046 
172239 
164050 
172244 
164054 
172247 
172250 
164061 
172253 
164066 
172258 
172261 
164071 
172264 
172267 
164076 
172272 
172275 
164085 
172278 
164089 
172281 
164093 
172286 
172287 
172288 
164097 
172289 
172290 
172295 
164104 
172300 
164109 
172305 
164114 
164119 
172314 
172318 
164128 
172322 
164133 
172326 
164138 
172333 
164143 
172337 
172341 
164152 
172345 
164157 
172352 
164162 
172355 
172358 
164167 
172361 
172366 
164176 
172369 
164180 
172372 
172375 
164184 
164188 
172380 
172383 
172386 
164195 
172389 
164199 
172394 
164203 
172396 
172398 
164207 
172400 
172403 
164214 
172406 
172409 
164219 
172412 
164224 
172417 
172420 
164229 
172423 
172426 
164238 
172431 
172434 
164243 
172437 
164248 
172440 
164253 
172450 
164262 
172454 
172456 
164266 
172458 
172460 
164270 
172463 
164274 
172467 
172470 
164281 
172475 
172478 
164287 
172481 
172484 
164293 
172489 
164299 
172494 
172499 
164310 
172504 
164317 
172513 
164323 
172515 
172517 
172519 
172522 
172525 
164334 
172528 
164338 
172531 
164342 
172536 
164346 
172539 
172542 
164353 
172545 
164358 
172550 
164363 
172555 
164368 
172560 
172565 
164377 
164382 
172574 
172577 
164387 
172580 
172583 
164392 
172588 
172590 
172592 
164401 
172594 
172597 
164406 
172600 
164411 
172603 
172606 
164416 
172611 
172614 
164425 
172617 
172620 
164429 
164433 
172625 
164437 
172629 
172633 
164444 
172637 
164449 
172644 
164454 
172647 
172650 
164459 
172653 
172658 
164468 
172661 
172664 
164473 
172667 
164478 
172672 
164483 
172675 
172678 
172681 
164492 
172686 
172688 
164498 
172690 
172692 
172695 
164504 
172697 
172699 
172701 
164510 
172704 
172706 
172708 
172710 
164521 
172713 
172715 
172717 
172719 
164528 
172722 
172725 
164534 
172728 
172731 
172736 
164545 
172738 
172740 
172742 
164551 
172745 
172746 
172747 
172748 
164557 
172749 
172751 
172753 
164563 
172755 
172758 
172760 
172762 
172764 
164574 
172767 
172770 
164580 
172773 
172776 
164589 
172781 
172782 
172783 
172784 
172785 
172786 
164595 
172787 
172788 
172790 
172792 
172794 
172797 
164608 
172800 
172803 
164614 
172806 
172811 
172813 
164623 
172815 
172817 
172820 
164629 
172822 
172824 
172826 
172829 
172832 
164641 
172835 
164646 
172838 
172843 
172845 
172847 
164657 
172849 
172852 
164662 
172855 
172858 
164669 
172861 
164674 
172866 
172869 
172872 
164681 
172875 
164687 
172880 
172881 
172882 
172883 
172884 
164693 
172887 
164699 
172892 
172894 
172896 
172899 
164710 
172902 
164715 
172907 
172909 
164720 
172912 
172914 
164725 
172917 
172922 
172925 
164734 
164739 
172933 
172934 
164744 
172936 
172938 
172940 
164749 
172943 
172946 
172949 
164758 
172952 
164763 
172957 
172959 
164768 
172961 
172963 
164773 
172966 
172968 
172970 
172972 
164782 
172975 
164785 
172978 
164788 
172981 
164791 
172984 
164796 
172989 
164799 
172991 
172993 
164802 
172995 
164805 
172998 
173001 
164810 
173004 
164815 
173007 
164820 
173012 
173015 
164825 
173018 
173021 
164834 
173026 
173027 
173028 
173029 
173030 
164839 
173032 
173034 
164844 
173037 
173040 
164849 
173045 
173047 
164858 
173050 
164861 
164864 
173056 
164867 
173059 
164872 
173066 
164875 
173067 
173069 
164878 
173071 
164881 
173073 
173076 
164886 
173079 
173082 
164891 
173085 
164896 
173090 
173092 
164901 
173094 
173096 
173099 
173101 
164910 
173103 
164913 
173105 
164916 
173108 
164919 
173111 
173114 
164924 
173117 
164928 
173122 
164932 
173124 
173126 
164936 
173128 
173131 
173134 
164943 
173137 
164948 
173140 
164953 
173145 
173148 
164958 
173151 
173154 
164967 
173159 
173160 
173161 
164970 
173162 
173163 
164973 
173165 
173167 
164976 
173170 
164981 
173175 
164985 
164989 
173182 
164993 
173185 
173190 
173191 
165000 
173192 
173193 
173195 
165004 
173198 
165008 
165012 
173207 
173210 
165019 
165022 
165025 
173219 
165028 
173220 
173223 
165033 
173226 
173229 
165038 
165042 
173234 
173236 
173238 
173240 
165049 
173243 
165053 
173247 
173251 
165060 
165063 
173255 
165068 
173262 
173264 
165073 
173266 
173268 
165077 
173271 
173273 
173275 
165084 
173277 
165088 
173280 
173281 
173282 
173283 
173284 
173286 
165095 
173288 
165098 
173290 
173293 
173295 
173298 
165107 
173302 
173306 
165116 
165121 
173313 
173315 
173318 
165128 
173320 
173322 
173325 
173326 
173327 
165136 
173329 
173331 
165140 
173333 
173336 
173337 
173338 
173339 
173340 
173342 
173344 
173347 
165157 
173351 
173356 
165166 
173358 
173360 
165171 
173363 
173366 
165176 
173369 
173372 
165183 
173377 
173380 
165191 
173383 
173386 
165195 
173391 
165200 
173395 
165207 
173400 
165211 
173403 
173406 
165218 
173411 
173412 
173413 
173414 
173416 
173418 
173420 
165230 
173423 
173426 
173429 
173432 
165243 
173437 
173439 
165249 
173441 
173443 
173446 
173448 
165257 
173450 
173452 
173455 
173458 
173461 
165271 
173464 
165277 
173469 
173471 
173473 
165282 
173475 
173478 
165289 
173481 
173484 
165293 
173487 
165300 
173492 
173495 
165305 
173498 
173501 
165310 
173506 
165315 
173507 
173508 
173509 
173510 
165319 
173514 
173516 
165326 
173518 
173520 
165331 
173523 
173526 
165336 
173529 
173532 
165341 
173537 
173539 
173541 
165350 
173543 
173546 
165355 
173548 
173550 
165360 
173552 
173555 
165365 
173558 
173561 
173564 
165374 
173569 
165378 
173571 
173573 
165382 
173575 
165386 
173578 
173581 
173584 
165393 
173587 
165398 
173592 
165402 
173595 
173598 
165409 
173601 
165413 
173606 
173607 
173608 
165417 
173609 
173610 
173612 
165421 
173614 
173616 
173619 
165428 
173622 
165433 
173625 
173628 
165437 
173633 
173635 
165444 
173637 
173639 
165449 
173642 
173644 
165454 
173646 
173648 
165459 
173651 
173654 
173657 
165468 
173660 
165472 
173665 
165475 
173667 
173669 
173671 
165480 
173674 
165485 
173677 
173680 
165490 
173683 
165495 
173688 
173691 
173694 
165504 
173697 
165508 
173702 
165511 
173703 
173704 
173705 
173707 
165516 
173710 
165520 
173713 
165524 
173716 
165528 
173721 
173723 
173725 
165535 
173727 
173730 
165539 
173732 
173734 
165543 
173736 
165547 
173739 
173741 
173743 
173745 
165554 
173748 
165559 
173751 
173754 
165564 
173757 
165569 
173762 
173764 
173766 
173768 
165578 
173771 
173774 
165583 
173777 
165588 
173780 
165593 
173785 
173788 
173791 
165602 
173794 
165606 
173799 
165610 
173802 
173805 
165614 
173808 
165621 
173813 
173814 
173815 
173816 
165625 
173817 
173819 
165629 
173821 
173823 
165633 
173826 
173828 
173830 
165640 
173833 
173835 
165644 
173837 
165648 
173840 
165652 
173846 
173850 
165659 
165663 
173855 
173858 
165667 
173861 
165671 
173863 
173865 
173867 
165678 
173870 
173872 
173874 
165683 
173876 
173879 
165688 
173882 
165693 
173885 
173890 
173891 
173892 
173893 
165702 
173895 
165705 
173897 
173899 
165708 
173902 
165711 
173905 
165716 
173908 
173911 
165721 
173916 
165726 
173918 
173920 
173922 
165731 
173925 
173927 
173929 
165740 
173932 
165743 
173936 
165746 
165749 
173941 
173943 
173945 
165754 
173948 
165758 
173952 
165762 
173957 
165766 
173960 
173963 
165773 
173968 
165777 
173970 
173972 
165781 
173975 
173976 
165785 
173977 
173978 
173979 
173980 
173981 
173983 
165792 
173985 
173987 
165796 
173990 
165800 
173993 
165804 
173996 
173999 
165811 
174004 
174006 
165815 
174008 
174010 
165819 
174013 
165823 
174015 
174017 
174019 
165830 
174022 
165833 
174025 
165836 
174028 
165839 
174031 
165844 
174036 
174038 
165847 
174040 
165850 
174042 
165853 
174045 
174048 
165858 
174051 
165862 
174054 
165866 
174059 
174061 
165870 
174063 
174065 
174068 
165877 
174069 
174070 
174071 
174072 
165881 
165885 
174078 
174080 
165889 
174082 
174084 
174087 
165896 
174090 
165899 
174093 
165902 
174096 
165905 
174101 
165910 
174103 
174105 
165914 
174107 
165918 
174110 
174112 
165922 
174114 
174116 
174119 
165929 
174122 
165932 
174125 
165935 
174128 
165938 
174133 
165943 
174135 
174137 
165946 
174139 
165949 
174142 
165952 
174145 
174148 
165957 
174151 
165960 
165963 
174156 
165966 
174159 
174162 
165971 
174165 
165975 
174170 
165979 
174171 
174172 
174173 
174174 
165983 
174176 
174178 
174180 
165990 
174183 
165992 
165994 
174186 
165996 
174189 
165999 
174192 
166002 
166005 
174197 
174199 
166008 
174201 
174203 
166013 
174206 
174208 
166017 
174210 
174212 
166021 
174215 
166025 
174218 
174221 
166032 
174224 
166034 
166036 
174229 
166038 
174231 
166041 
174233 
174235 
166044 
174238 
166047 
174241 
166050 
174244 
166055 
174247 
166059 
174252 
174254 
166063 
174256 
174258 
166067 
174261 
174262 
174263 
174264 
166074 
166076 
174269 
166078 
166080 
174273 
166083 
174277 
166086 
166089 
174281 
166092 
174288 
166097 
174290 
174292 
166101 
174294 
166105 
174297 
174299 
166109 
174301 
174303 
174306 
166116 
174308 
166118 
174310 
166120 
174312 
166122 
174315 
166125 
174317 
174319 
166129 
174321 
174324 
166133 
174327 
166137 
174330 
174333 
166144 
174338 
166148 
174340 
174342 
166152 
174344 
174347 
166156 
174349 
174351 
174353 
166163 
174356 
166166 
174358 
174360 
166169 
174362 
166172 
174365 
174367 
166177 
174369 
174371 
166180 
174374 
166183 
174375 
174376 
174377 
166186 
174378 
174381 
166191 
174384 
166195 
174387 
166199 
174392 
174393 
174394 
166203 
174395 
174396 
174398 
174400 
166210 
174403 
166212 
174405 
166214 
174407 
166216 
174410 
166219 
174414 
166223 
174418 
166227 
166231 
174423 
174426 
174429 
166238 
174430 
174431 
174432 
174433 
166242 
166246 
174438 
166250 
174442 
166257 
174449 
174451 
166260 
174453 
166263 
174456 
166266 
174458 
174460 
174462 
166271 
174465 
174466 
166275 
174467 
174468 
166279 
174471 
174474 
166283 
174477 
166290 
174482 
174484 
166293 
174486 
166296 
174488 
166299 
174491 
174492 
174493 
174494 
174495 
166304 
174497 
166307 
174499 
174501 
166310 
174504 
166313 
174507 
166318 
174510 
166321 
174513 
166324 
174518 
166327 
174520 
174522 
166332 
174524 
166335 
174529 
166338 
166341 
174535 
166346 
166347 
174539 
166348 
174540 
166349 
174541 
166350 
174542 
174544 
166353 
174547 
166356 
174550 
166359 
174553 
166364 
174556 
166368 
174561 
166372 
174564 
166376 
174569 
174572 
166383 
174575 
166386 
174578 
166389 
174583 
166392 
174585 
174587 
166397 
174590 
174591 
166400 
174592 
174593 
174594 
166403 
174595 
174596 
166406 
174598 
174600 
174602 
166411 
174605 
166415 
174608 
166419 
174611 
174614 
166423 
174619 
174621 
166430 
174623 
166432 
174625 
166434 
166436 
174628 
174630 
166439 
174632 
174634 
166444 
174637 
174640 
166449 
174643 
166454 
174646 
174651 
174653 
166463 
174655 
174657 
166467 
174660 
174662 
166471 
174664 
174666 
166475 
174669 
174672 
166482 
174675 
166486 
174678 
166490 
174683 
174684 
174685 
166494 
174686 
174689 
166501 
166503 
174695 
166505 
166507 
174699 
174700 
174701 
166510 
174702 
174703 
166513 
174705 
166516 
174708 
166519 
174713 
166524 
174717 
166528 
166532 
174724 
174726 
166536 
174729 
174732 
166543 
174737 
166547 
174741 
166551 
174744 
166555 
174749 
174750 
174751 
174753 
166562 
174755 
174757 
166567 
174760 
174762 
166572 
174764 
174766 
166577 
174769 
174771 
174773 
174775 
166586 
174778 
174780 
166590 
174782 
174784 
166594 
174789 
166598 
174795 
166605 
174799 
166608 
174801 
166611 
174804 
166614 
174808 
166619 
174812 
166622 
174816 
166625 
166628 
174823 
166633 
174826 
166635 
166637 
174829 
166639 
166642 
174834 
174837 
166647 
174840 
174843 
166652 
174848 
166657 
174850 
174853 
166666 
174859 
166669 
166672 
174866 
166675 
174868 
174871 
166680 
174874 
174877 
166688 
174880 
174885 
174887 
174889 
166699 
174892 
174893 
174894 
174895 
174896 
174897 
166706 
174898 
174901 
166711 
174904 
174907 
166720 
174912 
174915 
166725 
174918 
166730 
174923 
174924 
174925 
174926 
174928 
174930 
166739 
174933 
174934 
174935 
166744 
174936 
174938 
174940 
174942 
166751 
174945 
174946 
166755 
174947 
174948 
174949 
166758 
174951 
174953 
166763 
174955 
174958 
166767 
174961 
166770 
174964 
166775 
174967 
166777 
166779 
174972 
166781 
174974 
166784 
174976 
166786 
174978 
166788 
174981 
166791 
174983 
174985 
174987 
166796 
174990 
174991 
174992 
166801 
174993 
174994 
174996 
166806 
174998 
175000 
175003 
175004 
175005 
175006 
166815 
175007 
175008 
175011 
166820 
166824 
175016 
175017 
175018 
175021 
166831 
175026 
166835 
166839 
175031 
175035 
166846 
175038 
175041 
166850 
166854 
175046 
166858 
175050 
175056 
166865 
175060 
166869 
166873 
175065 
175066 
166877 
166884 
175076 
166886 
175079 
166888 
166890 
166893 
175085 
175088 
166897 
175089 
175092 
166901 
175095 
166905 
175098 
175100 
175103 
166912 
175106 
166917 
175109 
175112 
166922 
175117 
175118 
166927 
175119 
175120 
175121 
175122 
175123 
175124 
175125 
166936 
166937 
175129 
166938 
166939 
166940 
175133 
166943 
175137 
166946 
166949 
175144 
166954 
175147 
166957 
175150 
166960 
175153 
166963 
175158 
175159 
166968 
175160 
175161 
166970 
175162 
166972 
175164 
166974 
175166 
175168 
166977 
175171 
166981 
175173 
175175 
166985 
175177 
175180 
166989 
175181 
175182 
175183 
175184 
175187 
166996 
175190 
166999 
175193 
167002 
167005 
175198 
175201 
167010 
175204 
167015 
175207 
167020 
175212 
175213 
175214 
175215 
175216 
167025 
175218 
175220 
175222 
175225 
167034 
175227 
167036 
175229 
167038 
175231 
167040 
175234 
167043 
175235 
175236 
175237 
175238 
167047 
175242 
167051 
175246 
167055 
175250 
167062 
175257 
167066 
175260 
167070 
175263 
167074 
175266 
175271 
175272 
167081 
175273 
175274 
175275 
167085 
175277 
175279 
167089 
175281 
175284 
167093 
175285 
175286 
175287 
175288 
175290 
167100 
175292 
167101 
167102 
175294 
167103 
167104 
175297 
167107 
175299 
175301 
167110 
175303 
167113 
175306 
175308 
167118 
175310 
175312 
167122 
175315 
175316 
175317 
167126 
175318 
175319 
175320 
175321 
167130 
175322 
175324 
175326 
175328 
167137 
167138 
167139 
175331 
167140 
167141 
175333 
175335 
167144 
175337 
167147 
175340 
167150 
175343 
175345 
167155 
175348 
175351 
167160 
175354 
167165 
175357 
167170 
175362 
175364 
175366 
175368 
167179 
175371 
167181 
175373 
167183 
175375 
167185 
175377 
167188 
175380 
167191 
175383 
167194 
175386 
167197 
175389 
167202 
175394 
175396 
175398 
167207 
175400 
175403 
167212 
175406 
167217 
175409 
175412 
175417 
167226 
175420 
167229 
175423 
167232 
175426 
167235 
175431 
167240 
175432 
175433 
175434 
175435 
167244 
175438 
167248 
175440 
175443 
167252 
175446 
175449 
167259 
175452 
167265 
175457 
175460 
167271 
175463 
175466 
167277 
175471 
175473 
175475 
175477 
167288 
175480 
175482 
167291 
175484 
167294 
175486 
167297 
175489 
175492 
167302 
175495 
167305 
175498 
167308 
167311 
175503 
175505 
175507 
167316 
175509 
175512 
175513 
167322 
175514 
175515 
175516 
175518 
167327 
175520 
175522 
175525 
175527 
167336 
175529 
175531 
167341 
175534 
175535 
175536 
175537 
167346 
175538 
175539 
175540 
175541 
175542 
167351 
175543 
175544 
175545 
175546 
175547 
175548 
175549 
175550 
167360 
175552 
175554 
175556 
167367 
175559 
175561 
175563 
175565 
167376 
175568 
175571 
167382 
175574 
175577 
167387 
175582 
175584 
175586 
167396 
175588 
175591 
175593 
167402 
175595 
175597 
167406 
175600 
175603 
167413 
175606 
167417 
175609 
167421 
175614 
175616 
167425 
175618 
175620 
175623 
167432 
175626 
167436 
175629 
167439 
175632 
167444 
175637 
167448 
175640 
175643 
167452 
175646 
167456 
175651 
175652 
175653 
175654 
167463 
175655 
175658 
167467 
175661 
167471 
175664 
167475 
175669 
175673 
167482 
167485 
175677 
167488 
175681 
167491 
167496 
175688 
175690 
175692 
175694 
175697 
175698 
175699 
175700 
175701 
175703 
175705 
167515 
175707 
167518 
175710 
175713 
175716 
167526 
175719 
167531 
175724 
175726 
175728 
167537 
175730 
175733 
175734 
167543 
175735 
175736 
175737 
175739 
175741 
175743 
167552 
175746 
167555 
175747 
175748 
175749 
175750 
167559 
175751 
175752 
175753 
175754 
175756 
175758 
175760 
167569 
175763 
175764 
175765 
175766 
175767 
167576 
175768 
175769 
175770 
175771 
175774 
167582 
175777 
175780 
167591 
175785 
175786 
175787 
175788 
167596 
175789 
175791 
167600 
175793 
175795 
175798 
175799 
175800 
167608 
175801 
175802 
175804 
175806 
175808 
167616 
175811 
167621 
175814 
175817 
175820 
167628 
167629 
175825 
167633 
175827 
175829 
167638 
175831 
175834 
175836 
175838 
167646 
175840 
167649 
175843 
175846 
167654 
175849 
167657 
175852 
167662 
175857 
175859 
175861 
167669 
175863 
175866 
167675 
175869 
175872 
175875 
167687 
175880 
175882 
175884 
175886 
167694 
175889 
175890 
175891 
175892 
167700 
175893 
175896 
167705 
175899 
175902 
167710 
175907 
167717 
175911 
175915 
167723 
175919 
167727 
167731 
175926 
175927 
175928 
167736 
175929 
167737 
175930 
167738 
175932 
175934 
167743 
175936 
175939 
167747 
175941 
175943 
175945 
167754 
175948 
167758 
175951 
167761 
175954 
175957 
167766 
175962 
167770 
175963 
175964 
175965 
175966 
167774 
175968 
175970 
167778 
175972 
175975 
175976 
175977 
167785 
175978 
167788 
167791 
167794 
167799 
167804 
167808 
167815 
167819 
167823 
167827 
167834 
167837 
167840 
167843 
167848 
167852 
167856 
167860 
167867 
167872 
167877 
167882 
167891 
167896 
167901 
167906 
167915 
167918 
167921 
167924 
167929 
167932 
167935 
167938 
167943 
167947 
167951 
167955 
167962 
167966 
167970 
167974 
167981 
167984 
167987 
167990 
167995 
167999 
168003 
168007 
168014 
168019 
168024 
168029 
168038 
168043 
168048 
168053 
168062 
168067 
168072 
168077 
168086 
168089 
168092 
168095 
168100 
168103 
168106 
168109 
168114 
168118 
168122 
168126 
168133 
168137 
168141 
168145 
168152 
168155 
168158 
168161 
168166 
168170 
168174 
168178 
168185 
168189 
168192 
168197 
168201 
168205 
168209 
168216 
168219 
168222 
168225 
168230 
168234 
168238 
168242 
168249 
168253 
168257 
168261 
168268 
168271 
168274 
168277 
168282 
168285 
168288 
168291 
168296 
168299 
168302 
168305 
168310 
168311 
168312 
168313 
168314 
168317 
168320 
168323 
168328 
168333 
168337 
168344 
168348 
168352 
168356 
168363 
168367 
168370 
168375 
168378 
168380 
168383 
168386 
168389 
168392 
168397 
168399 
168401 
168403 
168406 
168410 
168414 
168418 
168425 
168427 
168429 
168431 
168434 
168437 
168440 
168443 
168448 
168453 
168458 
168463 
168472 
168474 
168476 
168478 
168481 
168484 
168487 
168490 
168495 
168500 
168504 
168511 
168514 
168516 
168519 
168523 
168527 
168531 
168538 
168543 
168548 
168553 
168562 
168565 
168568 
168571 
168576 
168579 
168582 
168585 
168590 
168594 
168598 
168602 
168609 
168611 
168613 
168615 
168618 
168622 
168626 
168630 
168637 
168640 
168643 
168646 
168651 
168652 
168653 
168654 
168655 
168657 
168659 
168661 
168664 
168667 
168670 
168673 
168678 
168682 
168685 
168690 
168693 
168696 
168699 
168704 
168708 
168711 
168716 
168718 
168720 
168722 
168725 
168729 
168733 
168737 
168744 
168749 
168754 
168759 
168768 
168771 
168774 
168777 
168782 
168786 
168790 
168794 
168801 
168804 
168807 
168810 
168815 
168819 
168823 
168827 
168834 
168838 
168842 
168846 
168853 
168856 
168859 
168862 
168867 
168870 
168873 
168876 
168881 
168884 
168887 
168890 
168895 
168896 
168897 
168898 
168899 
168902 
168905 
168908 
168913 
168918 
168923 
168928 
168937 
168940 
168943 
168946 
168951 
168954 
168957 
168960 
168965 
168969 
168973 
168977 
168984 
168987 
168990 
168993 
168998 
168999 
169000 
169001 
169002 
169004 
169006 
169008 
169011 
169015 
169019 
169023 
169030 
169031 
169032 
169033 
169034 
169037 
169040 
169043 
169048 
169051 
169054 
169057 
169062 
169067 
169072 
169077 
169086 
169088 
169090 
169092 
169095 
169097 
169099 
169101 
169104 
169108 
169112 
169116 
169123 
169125 
169127 
169129 
169132 
169136 
169140 
169144 
169151 
169154 
169157 
169160 
169165 
169170 
169175 
169180 
169189 
169192 
169195 
169198 
169203 
169207 
169211 
169215 
169222 
169226 
169230 
169234 
169241 
169243 
169245 
169247 
169250 
169254 
169258 
169262 
169269 
169272 
169275 
169278 
169283 
169284 
169285 
169286 
169287 
169289 
169291 
169293 
169296 
169299 
169302 
169305 
169310 
169312 
169314 
169316 
169319 
169322 
169325 
169328 
169333 
169336 
169339 
169342 
169347 
169349 
169351 
169353 
169356 
169360 
169364 
169368 
169375 
169380 
169385 
169390 
169399 
169402 
169405 
169408 
169413 
169417 
169421 
169425 
169432 
169435 
169438 
169441 
169446 
169450 
169454 
169458 
169465 
169468 
169471 
169474 
169479 
169482 
169485 
169488 
169493 
169496 
169499 
169502 
169507 
169509 
169511 
169513 
169516 
169517 
169518 
169519 
169520 
169523 
169526 
169529 
169534 
169539 
169544 
169549 
169558 
169562 
169566 
169570 
169577 
169581 
169585 
169589 
169596 
169599 
169602 
169605 
169610 
169612 
169614 
169616 
169619 
169621 
169623 
169625 
169628 
169632 
169636 
169640 
169647 
169648 
169649 
169650 
169651 
169654 
169657 
169660 
169665 
169669 
169673 
169677 
169684 
169686 
169688 
169690 
169693 
169695 
169697 
169699 
169702 
169705 
169708 
169711 
169716 
169720 
169724 
169728 
169735 
169738 
169741 
169744 
169749 
169754 
169759 
169764 
169773 
169775 
169777 
169779 
169782 
169785 
169788 
169791 
169796 
169798 
169800 
169802 
169805 
169808 
169811 
169814 
169819 
169823 
169827 
169831 
169838 
169841 
169844 
169847 
169852 
169853 
169854 
169855 
169856 
169858 
169860 
169862 
169865 
169868 
169871 
169874 
169879 
169882 
169885 
169888 
169893 
169896 
169899 
169902 
169907 
169910 
169913 
169916 
169921 
169923 
169925 
169927 
169930 
169933 
169936 
169939 
169944 
169949 
169954 
169959 
169968 
169972 
169976 
169980 
169987 
169992 
169997 
170002 
170011 
170015 
170019 
170023 
170030 
170035 
170040 
170045 
170054 
170059 
170064 
170069 
170078 
170083 
170088 
170093 
170102 
170106 
170110 
170114 
170121 
170126 
170131 
170136 
170145 
170150 
170155 
170160 
170169 
170174 
170179 
170184 
170193 
170197 
170201 
170205 
170212 
170216 
170220 
170224 
170231 
170236 
170241 
170246 
170255 
170259 
170263 
170267 
170277 
170281 
170284 
170289 
170293 
170296 
170301 
170305 
170308 
170313 
170316 
170319 
170322 
170327 
170330 
170333 
170336 
170341 
170344 
170347 
170350 
170355 
170359 
170363 
170367 
170374 
170376 
170378 
170380 
170383 
170385 
170387 
170389 
170392 
170397 
170402 
170407 
170416 
170420 
170424 
170428 
170435 
170438 
170441 
170444 
170449 
170452 
170455 
170458 
170463 
170467 
170471 
170475 
170482 
170485 
170488 
170491 
170496 
170498 
170500 
170502 
170505 
170510 
170517 
170519 
170521 
170524 
170527 
170530 
170533 
170538 
170541 
170544 
170547 
170552 
170557 
170562 
170567 
170576 
170579 
170582 
170587 
170597 
170600 
170603 
170606 
170611 
170614 
170617 
170620 
170625 
170630 
170635 
170640 
170649 
170652 
170655 
170667 
170670 
170673 
170676 
170681 
170686 
170691 
170696 
170705 
170714 
170717 
170720 
170723 
170728 
170735 
170739 
170744 
170750 
170759 
170762 
170765 
170768 
170773 
170776 
170779 
170782 
170787 
170792 
170797 
170802 
170811 
170816 
170819 
170822 
170825 
170830 
170833 
170836 
170839 
170844 
170849 
170854 
170859 
170868 
170871 
170874 
170877 
170882 
170885 
170888 
170891 
170896 
170901 
170906 
170911 
170926 
170929 
170932 
170935 
170940 
170944 
170948 
170952 
170959 
170961 
170963 
170965 
170968 
170974 
170979 
170984 
170989 
170998 
171002 
171006 
171010 
171017 
171020 
171023 
171026 
171031 
171035 
171040 
171046 
171055 
171058 
171061 
171064 
171069 
171072 
171075 
171078 
171083 
171087 
171091 
171095 
171102 
171107 
171110 
171113 
171116 
171121 
171124 
171127 
171130 
171135 
171140 
171145 
171150 
171159 
171162 
171165 
171168 
171173 
171176 
171179 
171182 
171187 
171191 
171195 
171199 
171213 
171215 
171217 
171219 
171222 
171225 
171228 
171231 
171236 
171239 
171242 
171245 
171250 
171252 
171254 
171256 
171259 
171265 
171268 
171271 
171274 
171279 
171283 
171287 
171291 
171298 
171302 
171307 
171310 
171313 
171316 
171319 
171322 
171330 
171334 
171338 
171342 
171349 
171353 
171357 
171364 
171367 
171370 
171373 
171378 
171381 
171384 
171387 
171392 
171395 
171398 
171401 
171409 
171412 
171415 
171420 
171426 
171431 
171440 
171445 
171451 
171457 
171463 
171474 
171477 
171480 
171485 
171488 
171491 
171494 
171499 
171502 
171505 
171508 
171513 
171516 
171519 
171522 
171527 
171529 
171536 
171539 
171544 
171550 
171559 
171561 
171564 
171566 
171568 
171570 
171573 
171575 
171577 
171579 
171582 
171585 
171588 
171591 
171596 
171600 
171604 
171608 
171615 
171619 
171623 
171627 
171634 
171635 
171636 
171637 
171638 
171641 
171644 
171647 
171652 
171655 
171658 
171661 
171666 
171669 
171672 
171675 
171680 
171684 
171688 
171692 
171699 
171702 
171705 
171708 
171713 
171716 
171719 
171722 
171727 
171728 
171729 
171730 
171731 
171735 
171739 
171743 
171750 
171753 
171756 
171759 
171764 
171767 
171770 
171773 
171778 
171782 
171786 
171790 
171797 
171801 
171805 
171809 
171816 
171819 
171822 
171825 
171830 
163640 
171834 
163645 
171838 
163650 
171842 
163655 
171849 
171853 
163664 
171857 
163669 
171861 
163674 
171868 
163679 
171871 
171874 
171877 
163688 
171882 
163694 
171886 
171890 
163700 
171894 
163706 
171901 
171905 
163717 
171909 
171913 
163723 
171920 
163729 
171923 
171926 
163735 
171929 
171934 
171936 
163746 
171938 
171940 
171943 
163752 
171947 
163757 
171951 
171955 
163766 
171962 
163772 
171965 
171968 
163777 
171971 
171976 
163786 
171979 
171982 
171985 
163796 
171990 
171994 
163806 
171998 
172002 
163816 
172009 
172013 
172017 
163826 
172021 
172028 
172031 
)

// ************************************************************************* //
